A =

     1     0     1
     5     4     1
     2     1     1
B =

     2     5     4
     4     4     4
     7     8     9
A+B =

     3     5     5
     9     8     5
     9     9    10

A-B =

    -1    -5    -3
     1     0    -3
    -5    -7    -8

A*B =

     9    13    13
    33    49    45
    15    22    21